    Survived  Pclass  ... Parents/Children Aboard      Fare
0          1       1  ...                       0  227.5250
1          1       3  ...                       2   15.7417
2          0       3  ...                       0    7.9250
3          1       1  ...                       0   52.0000
4          0       3  ...                       0    7.8958
5          0       2  ...                       0   73.5000
6          0       3  ...                       2   46.9000
7          1       2  ...                       0   13.0000
8          0       3  ...                       0    7.7292
9          1       2  ...                       0   12.0000
10         1       1  ...                       2  120.0000
11         1       3  ...                       0    7.7958
12         0       3  ...                       0    7.9250
13         1       1  ...                       0  113.2750
14         1       3  ...                       2   16.7000
15         0       3  ...                       0    7.7958
16         0       3  ...                       0    7.8542
17         0       2  ...                       0   26.0000
18         0       2  ...                       0   10.5000
19         1       2  ...                       0   12.6500
20         1       3  ...                       0    7.9250
21         0       3  ...                       0    8.0500
22         0       3  ...                       0    9.8250
23         0       3  ...                       0   15.8500
24         0       3  ...                       0    8.6625
25         0       2  ...                       0   21.0000

[26 rows x 8 columns]